0.01596292294561863
0.0011053923517465591
0.0024686038959771395
0.02465738169848919
0.0100551787763834
0.00626720255240798
0.00905564334243536
0.010400800965726376
0.007542340084910393
0.0061084190383553505
0.006677739322185516
0.006836811080574989
0.008562234230339527
0.008163122460246086
0.006194361951202154
0.004847569391131401
0.004231937229633331
0.004213785752654076
0.004538445733487606
0.004392256028950214
0.00389167875982821
0.004168293904513121
0.003804832464084029
0.006542906630784273
0.006337358150631189
0.006187582854181528
0.005849153734743595
0.006283886730670929
0.006562055088579655
0.006593381520360708
0.007118949666619301
0.006726549006998539
0.006721330340951681
0.006651068571954966
0.009671072475612164
0.012468607164919376
0.010911570861935616
0.008891071192920208
0.007393029052764177
0.00806024856865406
0.007333930116146803
0.007099913898855448
0.0076594422571361065
0.008118705824017525
0.009171847254037857
0.011375784873962402
0.016219362616539
0.026485750451683998
0.08701155334711075
0.07923534512519836
0.05941775441169739
0.057243287563323975
0.06155085936188698
0.06614107638597488
0.07053111493587494
0.06984955817461014
0.1209525465965271
0.17101970314979553
0.22919464111328125
0.46428483724594116
0.6411640048027039
0.9033872485160828
0.8162398934364319
0.6132971048355103
0.9170439839363098
0.7153286933898926
0.5136660933494568
0.7700577974319458
0.8741424679756165
0.8861373066902161
0.8018897175788879
0.5640972852706909
0.7011867165565491
0.7206721901893616
0.7033485174179077
0.5185299515724182
0.3528311252593994
0.22243934869766235
0.14254669845104218
0.09319578856229782
0.06445279717445374
0.04767027497291565
0.03771732747554779
0.03169363737106323
0.027818292379379272
0.0246391873806715
0.022805174812674522
0.021170003339648247
0.01928408443927765
0.018905436620116234
0.017067044973373413
0.016129493713378906
0.014745982363820076
0.013561851345002651
0.013028801418840885
0.012396990321576595
0.012196749448776245
0.012028916738927364
0.01209215447306633
0.01236098911613226
0.012722036801278591
0.013716340065002441
0.0136262783780694
0.013353321701288223
0.013154454529285431
0.013085301965475082
0.013105331920087337
0.013569018803536892
0.013835277408361435
0.014268770813941956
0.015035618096590042
0.014968580566346645
0.014629578217864037
0.0156867578625679
0.013972061686217785
0.011277308687567711
0.009455157443881035
0.008403081446886063
0.007823830470442772
0.007897596806287766
0.007746552582830191
0.007969455793499947
0.008354181423783302
0.008916432969272137
0.00947252195328474
0.009928693063557148
0.010383043438196182
0.010777456685900688
0.011052925139665604
0.011015752330422401
0.010818147100508213
0.010688293725252151
0.010251152329146862
0.00985915306955576
0.009722275659441948
0.009775296784937382
0.009647078812122345
0.010083993896842003
0.010095990262925625
0.009837844409048557
0.00948894303292036
0.009079950861632824
0.008869444020092487
0.008887558244168758
0.009031265042722225
0.009158419445157051
0.00886892806738615
0.008722657337784767
0.008491147309541702
0.008280154317617416
0.008435835130512714
0.008405742235481739
0.00850383099168539
0.008368115872144699
0.008261366747319698
0.00813969410955906
0.008014141581952572
0.008161824196577072
0.008075852878391743
0.008098484948277473
0.008203723467886448
0.00824042409658432
0.00827004760503769
0.008349738083779812
0.008436265401542187
0.008564715273678303
0.008624947629868984
0.008718525990843773
0.008785649202764034
0.008851650170981884
0.008930543437600136
0.009138762019574642
0.00935426540672779
0.009576695039868355
0.009705831296741962
0.00983885582536459
0.009924706071615219
0.009979325346648693
0.009976345114409924
0.00992082990705967
0.00967688299715519
0.009567085653543472
0.009171215817332268
0.008908530697226524
0.008699992671608925
0.00861300341784954
0.008481593802571297
0.008474747650325298
0.008596883155405521
0.008816705085337162
0.008959602564573288
0.00899671670049429
0.009210670366883278
0.00968597549945116
0.010255496017634869
0.010855232365429401
0.011374316178262234
0.011611786670982838
0.011449720710515976
0.011662018485367298
0.011874310672283173
0.011850714683532715
0.011580615304410458
0.011339874938130379
0.01114976778626442
0.011024430394172668
0.011026660911738873
0.010987887158989906
0.01078205555677414
0.010581176728010178
0.010384323075413704
0.010261962190270424
0.010234560817480087
0.010206945240497589
0.010143772698938847
0.01000125240534544
0.00969591923058033
0.009409088641405106
0.009011922404170036
0.009106386452913284
0.009684882126748562
0.010366384871304035
0.011929303407669067
0.014387884177267551
0.017961014062166214
0.024074941873550415
0.03673970699310303
0.05660402029752731
0.09066510200500488
0.13632485270500183
0.20386992394924164
0.2561676800251007
0.3417249619960785
0.2823760211467743
0.14440621435642242
0.09433665871620178
0.06025315448641777
0.03695990890264511
0.02421109937131405
0.018772240728139877
0.01628323830664158
0.01621462218463421
0.017763502895832062
0.018957799300551414
0.0198418777436018
0.018949082121253014
0.018014736473560333
0.01723899319767952
0.015308885835111141
0.013214976526796818
0.012444393709301949
0.012393694370985031
0.012491402216255665
0.012723343446850777
0.013231051154434681
0.014046434313058853
0.015012203715741634
0.016057536005973816
0.017578717321157455
0.020041408017277718
0.023779243230819702
0.027650075033307076
0.030018679797649384
0.029508739709854126
0.026905354112386703
0.02386217564344406
0.020538417622447014
0.01851743645966053
0.016683977097272873
0.016124753281474113
0.015749569982290268
0.015224523842334747
0.014722734689712524
0.014017016626894474
0.013415403664112091
0.012784902937710285
0.011984001845121384
0.011704744771122932
0.011787274852395058
0.012058163993060589
0.012739414349198341
0.01377320196479559
0.01521388255059719
0.017305120825767517
0.0200324896723032
0.022913673892617226
0.025936385616660118
0.028525136411190033
0.027259528636932373
0.02593979611992836
0.026600921526551247
0.028634196147322655
0.030928298830986023
0.02570289745926857
0.01857476308941841
0.015115678310394287
0.013892282731831074
0.01351973693817854
0.013267348520457745
0.01301638875156641
0.012676253914833069
0.012408635579049587
0.01214663963764906
0.011900343000888824
0.011645901948213577
0.011499474756419659
0.01141093485057354
0.011542368680238724
0.011750180274248123
0.012262101285159588
0.012906492687761784
0.013784587383270264
0.01489400863647461
0.0162062905728817
0.0176103375852108
0.019059259444475174
0.020430637523531914
0.021760964766144753
0.022977307438850403
0.024165969341993332
0.025942381471395493
0.027785025537014008
0.028181640431284904
0.02975080907344818
0.032056666910648346
0.03318028524518013
0.03276801109313965
0.03099217638373375
0.029066042974591255
0.02735217474400997
0.025213245302438736
0.022159598767757416
0.019401676952838898
0.017505384981632233
0.016135890036821365
0.014952019788324833
0.0138473492115736
0.012839987874031067
0.01224937941879034
0.01167947519570589
0.011227029375731945
0.010938435792922974
0.010652242228388786
0.010437012650072575
0.010319137945771217
0.010252387262880802
0.010179352946579456
0.010222071781754494
0.010338290594518185
0.010566098615527153
0.010820562951266766
0.011841683648526669
0.012172678485512733
0.01260033156722784
0.012827872298657894
0.012908169068396091
0.01277247630059719
0.012507767416536808
0.012137194164097309
0.011815626174211502
0.011541981250047684
0.01128650363534689
0.01126094814389944
0.011227414943277836
0.010987467132508755
0.010740270838141441
0.010588469915091991
0.01055389828979969
0.010591446422040462
0.010563069954514503
0.010499184019863605
0.010425769723951817
0.010393577627837658
0.010328449308872223
0.010235239751636982
0.010147307999432087
0.010173077695071697
0.010336028411984444
0.01059811469167471
0.010822169482707977
0.011078584007918835
0.011348528787493706
0.011789615266025066
0.012461699545383453
0.013376893475651741
0.014659144915640354
0.016479607671499252
0.01834024302661419
0.019678516313433647
0.02212962694466114
0.025410935282707214
0.0304433424025774
0.03661224618554115
0.03488791733980179
0.02554902993142605
0.016550913453102112
0.01448438223451376
0.014290731400251389
0.01425890438258648
0.01360616460442543
0.012616394087672234
0.01171700470149517
0.01113171223551035
0.010845929384231567
0.010690943337976933
0.010599015280604362
0.010580431669950485
0.010578048415482044
0.010634472593665123
0.010728606022894382
0.010886495001614094
0.011129113845527172
0.01153175812214613
0.012151023373007774
0.01313952449709177
0.014544297009706497
0.01679818145930767
0.020464707165956497
0.026106730103492737
0.03324079513549805
0.04392556846141815
0.060930006206035614
0.06517380475997925
0.05622085556387901
0.03724565729498863
0.023485537618398666
0.020003804937005043
0.01922261342406273
0.019314486533403397
0.01924790069460869
0.018790600821375847
0.01862623542547226
0.017995644360780716
0.017353909090161324
0.016535712406039238
0.015533127821981907
0.014679331332445145
0.014404594898223877
0.014566546306014061
0.014759436249732971
0.014453509822487831
0.014736584387719631
0.014851796440780163
0.014628663659095764
0.014346037060022354
0.01439824141561985
0.014550751075148582
0.016116183251142502
0.015232224017381668
0.014322924427688122
0.013413500972092152
0.01280696876347065
0.012426958419382572
0.012233131565153599
0.012055636383593082
0.011815951205790043
0.01141996867954731
0.010937362909317017
0.010629214346408844
0.010555070824921131
0.010533774271607399
0.010830353945493698
0.010934865102171898
0.011116431094706059
0.01138023380190134
0.011838101781904697
0.012383367866277695
0.01303008385002613
0.013784279115498066
0.014559646137058735
0.01534479483962059
0.016019416972994804
0.01613255776464939
0.01571795903146267
0.015035423450171947
0.014084262773394585
0.01292351447045803
0.01290412899106741
0.012106243520975113
0.011591675691306591
0.01117316447198391
0.010851207189261913
0.01070459745824337
0.010653560049831867
0.010699937120079994
0.010762367397546768
0.010840153321623802
0.011014699004590511
0.011241224594414234
0.011355840601027012
0.011480205692350864
0.011641006916761398
0.011882263235747814
0.012214417569339275
0.01263166032731533
0.013128641992807388
0.013655822724103928
0.014133288525044918
0.014515328221023083
0.014722361229360104
0.01436558086425066
0.013689691200852394
0.013027367182075977
0.012416008859872818
0.011891537345945835
0.01150350458920002
0.011209824122488499
0.010967141948640347
0.010768194682896137
0.010597817599773407
0.010433539748191833
0.01028858870267868
0.010177450254559517
0.010064317844808102
0.00999565701931715
0.009957400150597095
0.009970543906092644
0.010056876577436924
0.010206187143921852
0.010413192212581635
0.010701844468712807
0.011064231395721436
0.011538004502654076
0.012119965627789497
0.012803309597074986
0.013553906232118607
0.014325689524412155
0.015046094544231892
0.015714749693870544
0.016516733914613724
0.016864394769072533
0.0170344989746809
0.017118997871875763
0.01706942357122898
0.015900544822216034
0.01474254671484232
0.013545737601816654
0.012414265424013138
0.011523704044520855
0.010812761262059212
0.010262093506753445
0.00985356979072094
0.009592894464731216
0.00949319452047348
0.009437316097319126
0.009477482177317142
0.009585801512002945
0.009681953117251396
0.009868741035461426
0.010107247158885002
0.010407723486423492
0.010779481381177902
0.011232922784984112
0.011841695755720139
0.012580233626067638
0.013476368971168995
0.014524055644869804
0.01575808972120285
0.017248326912522316
0.018929559737443924
0.019803939387202263
0.01970810256898403
0.018813543021678925
0.01741258054971695
0.015731558203697205
0.014065539464354515
0.013068538159132004
0.012392090633511543
0.011993546038866043
0.01179517712444067
0.01167744304984808
0.011646922677755356
0.01167580857872963
0.01171924639493227
0.011750095523893833
0.0117951026186347
0.011912403628230095
0.012069286778569221
0.012142164632678032
0.01232722494751215
0.012679134495556355
0.013123661279678345
0.013814945705235004
0.014693520031869411
0.015501750633120537
0.016061658039689064
0.01641017012298107
0.016807446256279945
0.017041446641087532
0.017167286947369576
0.0168172437697649
0.0160977840423584
0.015152898617088795
0.014208640903234482
0.013385092839598656
0.01273022498935461
0.012516145594418049
0.012524116784334183
0.012442401610314846
0.012185146100819111
0.011682108975946903
0.011228105053305626
0.010859011672437191
0.010555577464401722
0.010381338186562061
0.010177717544138432
0.009969468228518963
0.009790685027837753
0.00971427746117115
0.009715107269585133
0.009791998192667961
0.009908364154398441
0.010312405414879322
0.010539618320763111
0.010786057449877262
0.011043881066143513
0.011331170797348022
0.011514052748680115
0.011665701866149902
0.011821325868368149
0.011957398615777493
0.012079312466084957
0.012183329090476036
0.012250365689396858
0.012252174317836761
0.012222853489220142
0.012058397755026817
0.011793024837970734
0.01149503793567419
0.011295672506093979
0.011769218370318413
0.011634381487965584
0.011612351052463055
0.01155263651162386
0.011594180949032307
0.011614160612225533
0.011631578207015991
0.01144844014197588
0.011315897107124329
0.011165286414325237
0.011043142527341843
0.010941173881292343
0.010853828862309456
0.010761762969195843
0.010720078833401203
0.010738920420408249
0.01087337639182806
0.011120408773422241
0.011397022753953934
0.01179430540651083
0.012264729477465153
0.012800470925867558
0.013338747434318066
0.013946535997092724
0.014486787840723991
0.014897813089191914
0.015135702677071095
0.015126736834645271
0.01545996218919754
0.015388268046081066
0.015201074071228504
0.014860635623335838
0.014342212118208408
0.013684535399079323
0.013088601641356945
0.012623717077076435
0.012320959940552711
0.012178878299891949
0.01210487075150013
0.012156066484749317
0.012343665584921837
0.01259801909327507
0.012837548740208149
0.013087493367493153
0.01332536805421114
0.013522269204258919
0.01366498228162527
0.013745715841650963
0.013789716176688671
0.013843538239598274
0.013914767652750015
0.013775292783975601
0.013420733623206615
0.013174093328416348
0.012890560552477837
0.012621138244867325
0.012344855815172195
0.012069430202245712
0.011642836965620518
0.011252611875534058
0.010946797206997871
0.010672531090676785
0.010354398749768734
0.010073971003293991
0.00992574729025364
0.009943711571395397
0.00997725035995245
0.010163064114749432
0.010466713458299637
0.0107711898162961
0.011034796014428139
0.011249612085521221
0.011448414996266365
0.011619186960160732
0.011687627993524075
0.011706429533660412
0.011681159026920795
0.01158971805125475
0.011447119526565075
0.011260878294706345
0.011023616418242455
0.010820898227393627
0.01064247079193592
0.010598353110253811
0.010561087168753147
0.010465479455888271
0.010420849546790123
0.010467953979969025
0.010502556338906288
0.010502352379262447
0.010416284203529358
0.010359575971961021
0.010400625877082348
0.010420541279017925
0.010585933923721313
0.01066932175308466
0.010619149543344975
0.010481370612978935
0.010375426150858402
0.010342522524297237
0.010369434952735901
0.010443203151226044
0.010524125769734383
0.01059007365256548
0.010669638402760029
0.010713037103414536
0.010713590309023857
0.010720186866819859
0.010745509527623653
0.010790989734232426
0.01085253618657589
0.010897343046963215
0.01085902750492096
0.010803508572280407
0.01077074371278286
0.010687882080674171
0.010517314076423645
0.010361198335886002
0.010255369357764721
0.010183872655034065
0.010157685726881027
0.010142209939658642
0.010269222781062126
0.010547886602580547
0.01064840704202652
0.01049085333943367
0.010167092084884644
0.009904548525810242
0.009786061942577362
0.009762613102793694
0.009758691303431988
0.009797707200050354
0.009836585260927677
0.009852451272308826
0.009822147898375988
0.009758192114531994
0.009701715782284737
0.009873957373201847
0.010419165715575218
0.011320926249027252
0.012438624165952206
0.013526794500648975
0.014087258838117123
0.014177851378917694
0.013590000569820404
0.012855893932282925
0.013009574264287949
0.01335072424262762
0.013341001234948635
0.012921208515763283
0.012814407236874104
0.012589939869940281
0.01201210543513298
0.011821132153272629
0.011720502749085426
0.011210829019546509
0.01091578509658575
0.010916201397776604
0.011176110245287418
0.011459910310804844
0.011550137773156166
0.011392716318368912
0.011102807708084583
0.010754874907433987
0.010445065796375275
0.010496094822883606
0.01062091812491417
0.010770043358206749
0.011074544861912727
0.01147526502609253
0.011955481953918934
0.012414726428687572
0.012808160856366158
0.01306544803082943
0.013200750574469566
0.013151549734175205
0.0131216524168849
0.013028016313910484
0.012776138260960579
0.012501690536737442
0.01216883584856987
0.01275689247995615
0.01262606866657734
0.011896542273461819
0.011527477763593197
0.011330966837704182
0.01089407503604889
0.010316913947463036
0.009893958456814289
0.00970415212213993
0.009714178740978241
0.009816520847380161
0.009912732057273388
0.010071849450469017
0.010348963551223278
0.010754488408565521
0.011079407297074795
0.011392632499337196
0.0115466034039855
0.011659872718155384
0.011719269677996635
0.011794034391641617
0.011906100437045097
0.01192539744079113
0.011991137638688087
0.01209514681249857
0.012048919685184956
0.011906584724783897
0.011632697656750679
0.011278964579105377
0.01094003114849329
0.010758624412119389
0.010680260136723518
0.010653860867023468
0.010619137436151505
0.010547803714871407
0.010507616214454174
0.010569674894213676
0.010654608719050884
0.010748151689767838
0.010960324667394161
0.01126229576766491
0.011560216546058655
0.016097139567136765
0.016522319987416267
0.016912059858441353
0.017376873642206192
0.017565051093697548
0.017382288351655006
0.017109408974647522
0.01659329980611801
0.016177969053387642
0.015716610476374626
0.015184378251433372
0.014632428996264935
0.014014322310686111
0.013358747586607933
0.012626690790057182
0.011940795928239822
0.011522434651851654
0.011249281466007233
0.011069143190979958
0.010936924256384373
0.010745869018137455
0.010621417313814163
0.010563801042735577
0.010606528259813786
0.010732381604611874
0.010929572395980358
0.011089264415204525
0.011317910626530647
0.01164539996534586
0.012057315558195114
0.01251705177128315
0.012839418835937977
0.012923868373036385
0.013007239438593388
0.012798990122973919
0.012928285636007786
0.012729916721582413
0.012425249442458153
0.012252610176801682
0.012159536592662334
0.012189558707177639
0.01241036131978035
0.012756526470184326
0.01303278747946024
0.01326096709817648
0.013227361254394054
0.013049626722931862
0.012993804179131985
0.01326036173850298
0.013353132642805576
0.01421540416777134
0.014751074835658073
0.014653529040515423
0.014121510088443756
0.013316013850271702
0.012434541247785091
0.01177025306969881
0.011383895762264729
0.011699322611093521
0.012325149960815907
0.012694813311100006
0.012772212736308575
0.012771431356668472
0.012936675921082497
0.013274806551635265
0.01388759445399046
0.014377579092979431
0.014631275087594986
0.014596981927752495
0.014168387278914452
0.013838302344083786
0.013770678080618382
0.014422114938497543
0.014090931974351406
0.01367543451488018
0.01343125756829977
0.013379686512053013
0.013440081849694252
0.013296750374138355
0.013430551625788212
0.01398546528071165
0.01311283279210329
0.012240181677043438
0.012217608280479908
0.012187794782221317
0.011850536800920963
0.011828795075416565
0.01202036440372467
0.012341378256678581
0.012744241394102573
0.013245340436697006
0.013862073421478271
0.014277409762144089
0.014659440144896507
0.015548218972980976
0.017864206805825233
0.02247212827205658
0.029048103839159012
0.0350617952644825
0.038001369684934616
0.03783734142780304
0.044762562960386276
0.0580495186150074
0.046075787395238876
0.032002709805965424
0.023729484528303146
0.0190644022077322
0.016331152990460396
0.014627604745328426
0.013828580267727375
0.013462214730679989
0.013279657810926437
0.013174902647733688
0.012989518232643604
0.012736440636217594
0.012506319209933281
0.012376571074128151
0.012441103346645832
0.01288097258657217
0.013486073352396488
0.014130261726677418
0.014544668607413769
0.014184650965034962
0.013580444268882275
0.012799221090972424
0.011914145201444626
0.011381554417312145
0.011188269592821598
0.011218556202948093
0.011306573636829853
0.011435417458415031
0.011550654657185078
0.011663026176393032
0.011785300448536873
0.011929042637348175
0.012026297859847546
0.012114294804632664
0.012264546938240528
0.012444935739040375
0.012631852179765701
0.01272903848439455
0.012714752927422523
0.012536508031189442
0.012305050157010555
0.012060684151947498
0.011844426393508911
0.011661767959594727
0.01156892254948616
0.011608450673520565
0.011639043688774109
0.011568400077521801
0.01139899156987667
0.011223730631172657
0.011058669537305832
0.011032701469957829
0.011088481172919273
0.011231470853090286
0.011444867588579655
0.011683013290166855
0.011906162835657597
0.012166881002485752
0.012503186240792274
0.012968369759619236
0.013603575527668
0.014430850744247437
0.015388197265565395
0.01640745997428894
0.017254890874028206
0.01780787482857704
0.01904859021306038
0.02061660774052143
0.020178455859422684
0.021371763199567795
0.02257152833044529
0.02135416679084301
0.017786091193556786
0.016390152275562286
0.015750007703900337
0.014685929752886295
0.0132742365822196
0.012102742679417133
0.011355219408869743
0.010936309583485126
0.010737822391092777
0.010797230526804924
0.011070269159972668
0.0113446693867445
0.011575339362025261
0.011745331808924675
0.0119559857994318
0.012319508008658886
0.012726953253149986
0.013072464615106583
0.013297206722199917
0.013439739122986794
0.013441091403365135
0.013265065848827362
0.013083579018712044
0.013024761341512203
0.013036363758146763
0.013117631897330284
0.013206170871853828
0.013326803222298622
0.01338987611234188
0.013423729687929153
0.013448284938931465
0.013451091945171356
0.013418654911220074
0.013435538858175278
0.013605721294879913
0.013842887245118618
0.014179365709424019
0.014604466035962105
0.015078967437148094
0.015461803413927555
0.015673507004976273
0.015770073980093002
0.016042916104197502
0.01605292782187462
0.01650809682905674
0.017569327726960182
0.017678575590252876
0.016415907070040703
0.014319494366645813
0.012870959006249905
0.012185378931462765
0.012147907167673111
0.012374748475849628
0.012807833030819893
0.013300756923854351
0.013876953162252903
0.014877010136842728
0.016460072249174118
0.018551530316472054
0.021177111193537712
0.02397463284432888
0.025419162586331367
0.02358831651508808
0.019511599093675613
0.01682749018073082
0.01523155439645052
0.014693090692162514
0.014405413530766964
0.013967256061732769
0.01402946375310421
0.013788593001663685
0.013648122549057007
0.013585839420557022
0.013843231834471226
0.014372151345014572
0.015439015813171864
0.017282091081142426
0.0200318843126297
0.023229598999023438
0.024817653000354767
0.023441080003976822
0.020295042544603348
0.017473464831709862
0.015606042928993702
0.01456617284566164
0.0144834378734231
0.014904163777828217
0.015244625508785248
0.015544411726295948
0.015711573883891106
0.01569305919110775
0.015487456694245338
0.015447408892214298
0.015896392986178398
0.01612522080540657
0.015810146927833557
0.015167203731834888
0.014474086463451385
0.014044771902263165
0.01383060310035944
0.01381379459053278
0.013802530243992805
0.013987296260893345
0.014308203011751175
0.014768295921385288
0.015185508877038956
0.015944810584187508
0.01759997382760048
0.016689492389559746
0.01576191931962967
0.014856832101941109
0.014316178858280182
0.014400639571249485
0.015083616599440575
0.016414780169725418
0.018914198502898216
0.024083776399493217
0.034746114164590836
0.05573340132832527
0.08733146637678146
0.13346388936042786
0.15444819629192352
0.08349696546792984
0.04067327082157135
0.026785017922520638
0.02922254428267479
0.03764130920171738
0.03843355178833008
0.030578330159187317
0.025562280789017677
0.02375696413218975
0.023419173434376717
0.023149846121668816
0.022429844364523888
0.02173442393541336
0.021327827125787735
0.02111835777759552
0.020827386528253555
0.019885597750544548
0.018372569233179092
0.016538402065634727
0.015341591089963913
0.014536271803081036
0.013970853760838509
0.013420747593045235
0.012982148677110672
0.012720290571451187
0.012567577883601189
0.012487821280956268
0.012487928383052349
0.012596633285284042
0.01278601586818695
0.013050859794020653
0.01331180427223444
0.013633964583277702
0.013994782231748104
0.014256431721150875
0.014291652478277683
0.014047487638890743
0.013820200227200985
0.013758118264377117
0.013781432062387466
0.013802222907543182
0.01371549628674984
0.01374099962413311
0.013660400174558163
0.01335283275693655
0.01300804316997528
0.012769319117069244
0.012550637125968933
0.012361128814518452
0.012287684716284275
0.012303325347602367
0.012413645163178444
0.012565693818032742
0.012815183959901333
0.013179750181734562
0.013606816530227661
0.01410596165806055
0.01451971847563982
0.01471929531544447
0.014570336788892746
0.014152558520436287
0.013599872589111328
0.013137725181877613
0.012879765592515469
0.01274222694337368
0.012619645334780216
0.012499039061367512
0.012403248809278011
0.012377101927995682
0.012366719543933868
0.012391701340675354
0.01239729579538107
0.012410519644618034
0.012477288953959942
0.01258659828454256
0.012789557687938213
0.013115993700921535
0.013626301661133766
0.014386136084794998
0.015345094725489616
0.016485730186104774
0.01771746762096882
0.01877899281680584
0.019261889159679413
0.018748953938484192
0.01845378614962101
0.018518926575779915
0.016751252114772797
0.014902872033417225
0.013401895761489868
0.01245445292443037
0.011868193745613098
0.01153717190027237
0.011420238763093948
0.011422512121498585
0.011496608145534992
0.011606487445533276
0.011715307831764221
0.012059497646987438
0.012410786934196949
0.012924816459417343
0.013673034496605396
0.014761198312044144
0.01590331271290779
0.01664476841688156
0.01632804051041603
0.01565128192305565
0.013959184288978577
0.013041939586400986
0.012670827098190784
0.012618797831237316
0.012587633915245533
0.012498600408434868
0.012347938492894173
0.012191013433039188
0.012118694372475147
0.012093214318156242
0.012083571404218674
0.012101526372134686
0.012206916697323322
0.012362416833639145
0.012493961490690708
0.01252434216439724
0.012533951550722122
0.012704982422292233
0.012733923271298409
0.012827107682824135
0.012996573932468891
0.013155181892216206
0.013223131187260151
0.013132077641785145
0.012930028140544891
0.012699950486421585
0.012493179179728031
0.012348966673016548
0.012263543903827667
0.012157640419900417
0.012066608294844627
0.011957071721553802
0.011782246641814709
0.01171774324029684
0.011674233712255955
0.011756956577301025
0.011711403727531433
0.011677363887429237
0.011617753654718399
0.011572296731173992
0.011552457697689533
0.01156087126582861
0.011646704748272896
0.011789022013545036
0.012033549137413502
0.012361967004835606
0.01269662193953991
0.012960679829120636
0.013092071749269962
0.013124790973961353
0.013148611411452293
0.013204239308834076
0.013228055089712143
0.013268516398966312
0.013403721153736115
0.013508572243154049
0.013347981497645378
0.012942853383719921
0.012449796311557293
0.012082003988325596
0.011874450370669365
0.011823387816548347
0.011941191740334034
0.012222353368997574
0.012570030987262726
0.012877952307462692
0.013091892935335636
0.013325642794370651
0.013667269609868526
0.013907743617892265
0.013746523298323154
0.013301443308591843
0.01290205866098404
0.012785484082996845
0.012802946381270885
0.01284470222890377
0.012921879068017006
0.013016453012824059
0.012986300513148308
0.01273596752434969
0.012392552569508553
0.011933590285480022
0.011385537683963776
0.010902002453804016
0.010581884533166885
0.010464169085025787
0.010540401563048363
0.01086695957928896
0.011413290165364742
0.012092272751033306
0.012732377275824547
0.013392112217843533
0.014233291149139404
0.015185220167040825
0.015754254534840584
0.015781210735440254
0.015649139881134033
0.015659121796488762
0.016148017719388008
0.017203327268362045
0.01869690977036953
0.01869867742061615
0.017146915197372437
0.016283078119158745
0.014266949146986008
0.013594121672213078
0.014805342070758343
0.014307759702205658
0.01425336766988039
0.014371017925441265
0.013521898537874222
0.01298549398779869
0.012591165490448475
0.012228703126311302
0.01193371694535017
0.011816374957561493
0.012028638273477554
0.012444287538528442
0.012749935500323772
0.013017669320106506
0.013069522567093372
0.01293769758194685
0.012737195007503033
0.012759104371070862
0.013043813407421112
0.013430273160338402
0.0137014826759696
0.013876435346901417
0.014260970056056976
0.015030832961201668
0.015886975452303886
0.01632493920624256
0.01607898250222206
0.015381480567157269
0.014683078043162823
0.014133612625300884
0.01384199969470501
0.013628353364765644
0.013678141869604588
0.013822436332702637
0.014201037585735321
0.014198909513652325
0.01380053348839283
0.013240332715213299
0.012764791026711464
0.012421973049640656
0.012337119318544865
0.012626486830413342
0.013493127189576626
0.014674655161798
0.015501951798796654
0.015182456001639366
0.014213970862329006
0.013064428232610226
0.01284139882773161
0.013474039733409882
0.01437998004257679
0.015386020764708519
0.01606736145913601
0.016708366572856903
0.01732892356812954
0.01704680360853672
0.01592550054192543
0.015228205360472202
0.014877134002745152
0.014339263550937176
0.014416083693504333
0.01605418510735035
0.01861712336540222
0.019245769828557968
0.01699393428862095
0.014096375554800034
0.012227588333189487
0.011197498999536037
0.010803221724927425
0.0108964703977108
0.011176212690770626
0.011452149599790573
0.011823433451354504
0.012230428867042065
0.012579980306327343
0.012951812706887722
0.013394634239375591
0.013865718618035316
0.014439119957387447
0.015049665234982967
0.015628421679139137
0.01598084717988968
0.015969686210155487
0.015494942665100098
0.014838017523288727
0.01416744478046894
0.013732564635574818
0.013396111316978931
0.013096911832690239
0.012767798267304897
0.012374045327305794
0.011943894438445568
0.011656690388917923
0.01148860901594162
0.011360562406480312
0.011244267225265503
0.011167149059474468
0.011179132387042046
0.011234368197619915
0.011312498711049557
0.011444409377872944
0.01162321213632822
0.011794866062700748
0.012005514465272427
0.012291233986616135
0.012568093836307526
0.012757644057273865
0.012942034751176834
0.013175522908568382
0.013440013863146305
0.013577920384705067
0.013528058305382729
0.01330399326980114
0.013120049610733986
0.01309456117451191
0.013171431608498096
0.0131779620423913
0.013051359914243221
0.01285659521818161
0.012621867470443249
0.012388162314891815
0.012090766802430153
0.011778425425291061
0.011472420766949654
0.011151814833283424
0.010836450383067131
0.010643566027283669
0.01053198054432869
0.01040203869342804
0.010247052647173405
0.010187637060880661
0.01027700211852789
0.01047599408775568
0.010847651399672031
0.011433769017457962
0.01218161266297102
0.013027932494878769
0.013892155140638351
0.014547927305102348
0.014592406339943409
0.01406827848404646
0.013611292466521263
0.013385076075792313
0.013160983100533485
0.012844005599617958
0.01251625269651413
0.012459063902497292
0.012585130520164967
0.012615491636097431
0.012330922298133373
0.011825940571725368
0.011310245841741562
0.010964582674205303
0.010882877744734287
0.011154058389365673
0.011489969678223133
0.0116861741989851
0.011680475436151028
0.011624213308095932
0.011635714210569859
0.01181532721966505
0.012176625430583954
0.012674820609390736
0.013241410255432129
0.013702857308089733
0.01386282593011856
0.013682052493095398
0.013343465514481068
0.01301341038197279
0.012796791270375252
0.012607104144990444
0.012455454096198082
0.012342446483671665
0.012414836324751377
0.012591956183314323
0.01265216339379549
0.012520533986389637
0.012025948613882065
0.011590255424380302
0.011374665424227715
0.011420155875384808
0.011624005623161793
0.011817190796136856
0.012451853603124619
0.0123563501983881
0.012243683449923992
0.012205705046653748
0.012186889536678791
0.012198789045214653
0.012280360795557499
0.01239479798823595
0.012485217303037643
0.012440264225006104
0.012266626581549644
0.012019185349345207
0.011745213530957699
0.011515847407281399
0.011273878626525402
0.011117865331470966
0.011018826626241207
0.010933209210634232
0.010846768505871296
0.010813949629664421
0.010815766640007496
0.010833628475666046
0.01079249382019043
0.010756914503872395
0.010686401277780533
0.01065817940980196
0.010695692151784897
0.010815965011715889
0.010952197946608067
0.011126315221190453
0.011317750439047813
0.011485647410154343
0.01160788256675005
0.011591559275984764
0.011484403163194656
0.011320152319967747
0.011119457893073559
0.010904353111982346
0.010764505714178085
0.01087900809943676
0.011197648011147976
0.011497887782752514
0.011595620773732662
0.011515547521412373
0.011352455243468285
0.011208928190171719
0.01112519484013319
0.011101558804512024
0.011175495572388172
0.011327552609145641
0.011496913619339466
0.011633561924099922
0.011657187715172768
0.01161505002528429
0.011576641350984573
0.011504651978611946
0.011444265954196453
0.011433694511651993
0.011453447863459587
0.01135404221713543
0.01123938150703907
0.011173908598721027
0.011148256249725819
0.011146707460284233
0.011225749738514423
0.01140864472836256
0.011642461642622948
0.011849557980895042
0.011867905966937542
0.011761500500142574
0.011648380197584629
0.011666492559015751
0.011825678870081902
0.012050887569785118
0.012226457707583904
0.012330867350101471
0.012038202956318855
0.01170547679066658
0.011326971463859081
0.011075721122324467
0.010883618146181107
0.01068027876317501
0.010398236103355885
0.010148058645427227
0.010045313276350498
0.01016574539244175
0.010354631580412388
0.010694305412471294
0.011127798818051815
0.011488682590425014
0.011756548658013344
0.011979772709310055
0.0121275270357728
0.01217992790043354
0.012182376347482204
0.012190944515168667
0.012296703644096851
0.01253134198486805
0.012851592153310776
0.013177142478525639
0.013327325694262981
0.013196446001529694
0.012819170020520687
0.012320274487137794
0.011973081156611443
0.01168384775519371
0.011402102187275887
0.010991541668772697
0.010571129620075226
0.010208246298134327
0.010088451206684113
0.010102350264787674
0.010215401649475098
0.010412217117846012
0.010479362681508064
0.010488287545740604
0.010678255930542946
0.010905619710683823
0.010612254962325096
0.0103873610496521
0.010793060064315796
0.011018081568181515
0.01076697837561369
0.010452802293002605
0.010289927944540977
0.010327709838747978
0.010671683587133884
0.011047513224184513
0.01125400047749281
0.011426675133407116
0.011632772162556648
0.011679884977638721
0.011591559275984764
0.011545124463737011
0.011486250907182693
0.011555394157767296
0.011640209704637527
0.011512862518429756
0.011445378884673119
0.011432919651269913
0.011617269366979599
0.012337022460997105
0.013896258547902107
0.015892665833234787
0.01978081651031971
0.0227187629789114
0.02008235454559326
0.01789960451424122
0.015927447006106377
0.01411442831158638
0.013825122267007828
0.01482158713042736
0.015382432378828526
0.014891823753714561
0.013724309392273426
0.012850147671997547
0.012445391155779362
0.012122752144932747
0.011765187606215477
0.011445881798863411
0.011353116482496262
0.011565602384507656
0.011803481727838516
0.012744126841425896
0.013732640072703362
0.01404491439461708
0.01438874751329422
0.014743896201252937
0.015099646523594856
0.01535389106720686
0.015529067255556583
0.015570731833577156
0.015450744889676571
0.015145605430006981
0.014675670303404331
0.014174703508615494
0.013714428059756756
0.013345865532755852
0.013055484741926193
0.012817577458918095
0.012617602944374084
0.012440599501132965
0.012302622199058533
0.01225137896835804
0.012304834090173244
0.012442182749509811
0.012548351660370827
0.012604215182363987
0.012645597569644451
0.012668242678046227
0.012654646299779415
0.0125564094632864
0.012348386459052563
0.012096726335585117
0.01189330779016018
0.011814266443252563
0.01180293783545494
0.011892012320458889
0.012081528082489967
0.012417703866958618
0.012788007967174053
0.013001948595046997
0.012975435703992844
0.012854736298322678
0.012777907773852348
0.012670163996517658
0.012485041283071041
0.012355699203908443
0.012295685708522797
0.012261503376066685
0.012277934700250626
0.012274231761693954
0.012189652770757675
0.012012873776257038
0.011824115179479122
0.011673285625874996
0.011524653062224388
0.011430254206061363
0.011343328282237053
0.011196217499673367
0.011111857369542122
0.011105326004326344
0.011050048284232616
0.011002319864928722
0.01102643646299839
0.01106062438338995
0.011129441671073437
0.011222375556826591
0.011267479509115219
0.011243672110140324
0.011268740519881248
0.011300629004836082
0.011161526665091515
0.01092460472136736
0.010683436878025532
0.010505137965083122
0.010347601026296616
0.010368543677031994
0.01036044955253601
0.010322929359972477
0.010267739184200764
0.010222716256976128
0.0102156400680542
0.010221267119050026
0.010227514430880547
0.01026171911507845
0.01032958086580038
0.010274595580995083
0.010104249231517315
0.009900577366352081
0.009764865972101688
0.009683809243142605
0.009680424816906452
0.009692175313830376
0.009702781215310097
0.009630182757973671
0.009516892954707146
0.00947383139282465
0.009454331360757351
0.009428786113858223
0.009417466819286346
0.009477624669671059
0.00961967185139656
0.009795395657420158
0.009983619675040245
0.010182363912463188
0.010318314656615257
0.010351811535656452
0.010332321748137474
0.010402431711554527
0.010577312670648098
0.010750630870461464
0.010745908133685589
0.010607302188873291
0.010505065321922302
0.010457680560648441
0.010462496429681778
0.010493391193449497
0.010484462603926659
0.010304088704288006
0.010214725509285927
0.010203739628195763
0.010141300037503242
0.01005660742521286
0.010061653330922127
0.010041584260761738
0.009901434183120728
0.009814674034714699
0.009803205728530884
0.009878801181912422
0.010127169080078602
0.010596535168588161
0.011203091591596603
0.011735127307474613
0.011884857900440693
0.011413967236876488
0.010536826215684414
0.010032598860561848
0.010408689267933369
0.010891865938901901
0.010848535224795341
0.010747038759291172
0.010665739886462688
0.010808712802827358
0.011237436905503273
0.011688590049743652
0.01198631338775158
0.011906133033335209
0.011697103269398212
0.011195238679647446
0.010607478208839893
0.010615960694849491
0.010954582132399082
0.010462416335940361
0.010079845786094666
0.009606461971998215
0.0094567546620965
0.009440461173653603
0.009978102520108223
0.011385109275579453
0.012368932366371155
0.01282025407999754
0.012887781485915184
0.01216677762567997
0.01127613428980112
0.010753670707345009
0.011274151504039764
0.012654234655201435
0.01364332064986229
0.012921418063342571
0.011264962144196033
0.010475375689566135
0.010583819821476936
0.011316400952637196
0.01234494335949421
0.013391551561653614
0.014002376236021519
0.01404101587831974
0.013430608436465263
0.01264189463108778
0.012308253906667233
0.012487365864217281
0.012581726536154747
0.01246464904397726
0.012502496130764484
0.013650612905621529
0.014985154382884502
0.013691739179193974
0.011895483359694481
0.011984951794147491
0.012252597138285637
0.01236674189567566
0.011646525003015995
0.01131622027605772
0.011874414049088955
0.013346552848815918
0.015507785603404045
0.018214687705039978
0.01957518793642521
0.017546396702528
0.015151405707001686
0.015735695138573647
0.016432641074061394
0.01550988107919693
0.014868470840156078
0.015950823202729225
0.017151903361082077
0.01692904904484749
0.015390424989163876
0.013954045251011848
0.013443993404507637
0.013114097528159618
0.013608505018055439
0.014794613234698772
0.015857907012104988
0.016724035143852234
0.017798028886318207
0.01909656822681427
0.019436292350292206
0.017366178333759308
0.01574784331023693
0.01735084131360054
0.018994849175214767
0.01808455027639866
0.016138752922415733
0.014798877760767937
0.014443364925682545
0.014424351043999195
0.014315375126898289
0.01391399186104536
0.013186074793338776
0.012600384652614594
0.012343727983534336
0.012250586412847042
0.012481526471674442
0.01283927820622921
0.013125278986990452
0.01333667803555727
0.01363915205001831
0.01416861079633236
0.014744671061635017
0.015065290965139866
0.01525270938873291
0.015669120475649834
0.016067789867520332
0.016241667792201042
0.016142897307872772
0.015846434980630875
0.015485166572034359
0.01509577501565218
0.014803757891058922
0.014350766316056252
0.013730823062360287
0.0131255853921175
0.012834824621677399
0.012838957831263542
0.013005711138248444
0.013198154047131538
0.013355349190533161
0.01337607204914093
0.013618829660117626
0.014007641933858395
0.01432853750884533
0.014569750986993313
0.01482810452580452
0.014959938824176788
0.014786656014621258
0.014455614611506462
0.014210405759513378
0.014044641517102718
0.013624949380755424
0.013108046725392342
0.012715979479253292
0.012447642162442207
0.012470299378037453
0.012694869190454483
0.012682032771408558
0.012461837381124496
0.012304057367146015
0.012293947860598564
0.012324633076786995
0.012174048461019993
0.011789665557444096
0.011531454510986805
0.0114973783493042
0.01163173746317625
0.011862729676067829
0.012143396772444248
0.012444361113011837
0.012791449204087257
0.013103067874908447
0.013040781952440739
0.012791227549314499
0.01292280200868845
0.013587200082838535
0.014379606582224369
0.014711388386785984
0.014635114930570126
0.015588448382914066
0.01516304537653923
0.014521910808980465
0.014578687027096748
0.014644918031990528
0.014291024766862392
0.013794970698654652
0.013876301236450672
0.0141207380220294
0.014343861490488052
0.014452093280851841
0.014643347822129726
0.014827141538262367
0.014884598553180695
0.014510498382151127
0.014068943448364735
0.013659979216754436
0.01366160437464714
0.014022053219377995
0.014430997893214226
0.014531062915921211
0.014245963655412197
0.013648789376020432
0.013095689006149769
0.012644428759813309
0.012515292502939701
0.012611002661287785
0.012471058405935764
0.012144581414759159
0.011955694295465946
0.011729464866220951
0.011651183478534222
0.011780151166021824
0.011937075294554234
0.011885756626725197
0.011635120026767254
0.011333700269460678
0.011002792045474052
0.010744893923401833
0.010687016882002354
0.010780392214655876
0.011082446202635765
0.011389135383069515
0.011549199000000954
0.011557938531041145
0.01141610462218523
0.011259927414357662
0.01121977623552084
0.011277166195213795
0.011399667710065842
0.011661538854241371
0.01202364917844534
0.01237975712865591
0.012723812833428383
0.013111105188727379
0.013553925789892673
0.013943969272077084
0.014315444976091385
0.014691205695271492
0.015511764213442802
0.015792572870850563
0.015878548845648766
0.015862012282013893
0.015435963869094849
0.014815105125308037
0.014127377420663834
0.013588843867182732
0.013306623324751854
0.01331457868218422
0.013415418565273285
0.01349223405122757
0.013432254083454609
0.01329858135432005
0.013233366422355175
0.013341105543076992
0.013345608487725258
0.013081160373985767
0.012714359909296036
0.012383728288114071
0.012362034991383553
0.012218340300023556
0.011902016587555408
0.011646881699562073
0.011497450061142445
0.011498089879751205
0.01170385628938675
0.011923061683773994
0.011921688914299011
0.011634377762675285
0.011467796750366688
0.011560700833797455
0.0117902597412467
0.012003419920802116
0.012100022286176682
0.012032236903905869
0.011793631128966808
0.011803705245256424
0.011819048784673214
0.011668385937809944
0.011483728885650635
0.011436406522989273
0.011684888042509556
0.011962809599936008
0.011876130476593971
0.01157300639897585
0.011408152990043163
0.011475469917058945
0.011585399508476257
0.011611794121563435
0.0115121491253376
0.011313657276332378
0.011089189909398556
0.01096612773835659
0.010983378626406193
0.011158322915434837
0.011386070400476456
0.01152749266475439
0.011527234688401222
0.011398124508559704
0.011233348399400711
0.011146706528961658
0.01118271704763174
0.01130709983408451
0.011501437984406948
0.011592898517847061
0.011586650274693966
0.011532160453498363
0.011470201425254345
0.011429988779127598
0.011466702446341515
0.011649482883512974
0.011881896294653416
0.012754478491842747
0.013085036538541317
0.013185050338506699
0.012795246206223965
0.012087329290807247
0.011441904120147228
0.01112641766667366
0.010996675118803978
0.011005256325006485
0.010818284004926682
0.010658052749931812
0.010706854052841663
0.011205481365323067
0.01213749498128891
0.013445159420371056
0.014536145143210888
0.014362325891852379
0.012986463494598866
0.01189339254051447
0.011868486180901527
0.012365070171654224
0.013435613363981247
0.013358081690967083
0.013307899236679077
0.013267816975712776
0.01303731556981802
0.012889605015516281
0.013034729287028313
0.013626242987811565
0.014436539262533188
0.014649040065705776
0.013938290067017078
0.014091936871409416
0.014122705906629562
0.01311616599559784
0.01248467992991209
0.013063675723969936
0.01401757262647152
0.013995843008160591
0.013297508470714092
0.01227499172091484
0.01159245241433382
0.011464836075901985
0.01169579103589058
0.01205232460051775
0.012728624977171421
0.013163131661713123
0.01288963295519352
0.012458788231015205
0.012570313178002834
0.013147039338946342
0.01323222927749157
0.012596732936799526
0.012029401026666164
0.011998828500509262
0.012034635059535503
0.01163570024073124
0.01110902987420559
0.01087161060422659
0.01085997186601162
0.010950774885714054
0.011147393845021725
0.011378777213394642
0.011538658291101456
0.011446811258792877
0.011112630367279053
0.01082247868180275
0.010775245726108551
0.010963346809148788
0.011297955177724361
0.011528028175234795
0.011496191844344139
0.0112961670383811
0.01107877492904663
0.011031458154320717
0.011149656027555466
0.01136587094515562
0.01157823484390974
0.011721749790012836
0.011813395656645298
0.0119177782908082
0.012052544392645359
0.012291010469198227
0.012700146064162254
0.012911264784634113
0.012379799969494343
0.01151781715452671
0.011112288571894169
0.011069712229073048
0.011028669774532318
0.010832700878381729
0.010759539902210236
0.010741008445620537
0.0107657415792346
0.010726381093263626
0.010631497018039227
0.01039573922753334
0.01012202724814415
0.00999542511999607
0.01015273854136467
0.010515248402953148
0.010834205895662308
0.010991392657160759
0.0111696757376194
0.011213434860110283
0.01140062976628542
0.011548146605491638
0.011599740944802761
0.011613905429840088
0.011767280288040638
0.01211022399365902
0.012345433235168457
0.012454208917915821
0.012797240167856216
0.013761796057224274
0.014659726992249489
0.014486417174339294
0.013295084238052368
0.01213370356708765
0.011584754101932049
0.011404653079807758
0.011191438883543015
0.010890346951782703
0.010733488947153091
0.01086881197988987
0.011182560585439205
0.011476314626634121
0.011690868064761162
0.011806633323431015
0.011913510039448738
0.011944152414798737
0.011888856999576092
0.011721652932465076
0.011632293462753296
0.011797621846199036
0.012226131744682789
0.0126881692558527
0.012938249856233597
0.012735884636640549
0.012291083112359047
0.0122189586982131
0.01255437359213829
0.013043451122939587
0.01306218933314085
0.013264025561511517
0.0133623406291008
0.013127215206623077
0.012739775702357292
0.012287569232285023
0.01202351227402687
0.012037361040711403
0.012092314660549164
0.011990922503173351
0.011708663776516914
0.011226816102862358
0.010918132960796356
0.010762100107967854
0.010649723000824451
0.010569888167083263
0.01058550551533699
0.010909536853432655
0.011356435716152191
0.011391001753509045
0.01093590073287487
0.010495943017303944
0.010355975478887558
0.010270975530147552
0.010167657397687435
0.010145805776119232
0.010133164934813976
0.01012831088155508
0.010172504931688309
0.010388725437223911
0.010744499042630196
0.011163664050400257
0.011485626921057701
0.011584785766899586
0.011351731605827808
0.010965129360556602
0.01069389097392559
0.010595747269690037
0.010501224547624588
0.010404825210571289
0.010359263978898525
0.010387216694653034
0.010481521487236023
0.01055452972650528
0.010577632114291191
0.010533514432609081
0.010427012108266354
0.010263997130095959
0.010062755085527897
0.009881330654025078
0.009770330972969532
0.009730913676321507
0.009763209149241447
0.009865613654255867
0.00997155997902155
0.010049661621451378
0.010139181278645992
0.010277340188622475
0.01041629072278738
0.010530094616115093
0.010591343976557255
0.010652706027030945
0.010711249895393848
0.010770984925329685
0.010830526240170002
0.010894160717725754
0.010988856665790081
0.011073660105466843
0.011145315133035183
0.011178473941981792
0.011208275333046913
0.011240914463996887
0.011266886256635189
0.011309525929391384
0.011404335498809814
0.0115385502576828
0.011663748882710934
0.011715441942214966
0.011650663800537586
0.011493099853396416
0.011285166256129742
0.011155027896165848
0.011099692434072495
0.011052937246859074
0.010967450216412544
0.010801082476973534
0.01058055181056261
0.010336307808756828
0.010066556744277477
0.0098242973908782
0.00971094612032175
0.009713404811918736
0.009874623268842697
0.01013993751257658
0.010486532002687454
0.010874251835048199
0.011257041245698929
0.011531180702149868
0.01167126651853323
0.011716466397047043
0.011708716861903667
0.011691519059240818
0.011644609272480011
0.01164180412888527
0.011826369911432266
0.012136479839682579
0.012479313649237156
0.012790636159479618
0.01299014687538147
0.013157591223716736
0.01328266505151987
0.013340740464627743
0.013441669754683971
0.013444317504763603
0.013259549625217915
0.012946174480021
0.012623109854757786
0.012412749230861664
0.012275653891265392
0.012019922956824303
0.011565100401639938
0.011038405820727348
0.010729432106018066
0.01081773079931736
0.011299662292003632
0.012087809853255749
0.0130515918135643
0.014716297388076782
0.01701529510319233
0.01934954524040222
0.02183605544269085
0.02293696068227291
0.02553447335958481
0.027253787964582443
0.025471314787864685
0.043036073446273804
0.0391124002635479
0.031201597303152084
0.03213217854499817
0.025689151138067245
0.02077651210129261
0.018567057326436043
0.017307735979557037
0.01675785891711712
0.016978207975625992
0.017468418926000595
0.017688443884253502
0.01734078861773014
0.016721727326512337
0.016176264733076096
0.015682462602853775
0.015287540853023529
0.015148449689149857
0.015199256129562855
0.015524474903941154
0.01598980277776718
0.016263118013739586
0.016312723979353905
0.01611250452697277
0.01554205920547247
0.015047748573124409
0.014807739295065403
0.014739635400474072
0.014756607823073864
0.014821442775428295
0.014865352772176266
0.01488429680466652
0.015052569098770618
0.015139364637434483
0.014789212495088577
0.014128299430012703
0.013713384978473186
0.013653128407895565
0.013659956865012646
0.013535860925912857
0.013303224928677082
0.012871225364506245
0.012172634713351727
0.011498458683490753
0.011062382720410824
0.010878178291022778
0.010795420967042446
0.010720538906753063
0.010633200407028198
0.010547502897679806
0.01051816064864397
0.010557245463132858
0.010661064647138119
0.01077680941671133
0.010890405625104904
0.011064167134463787
0.011457134038209915
0.011877457611262798
0.012258605100214481
0.01254070270806551
0.012670968659222126
0.012579213827848434
0.012279417365789413
0.01190249715000391
0.011555749922990799
0.0113523555919528
0.01132834143936634
0.011407147161662579
0.011528147384524345
0.011634566821157932
0.011699344031512737
0.011668729595839977
0.011557606980204582
0.011365558952093124
0.011091470718383789
0.010795004665851593
0.010554958134889603
0.010387323796749115
0.010258380323648453
0.010140154510736465
0.010064108297228813
0.010061790235340595
0.01016236562281847
0.010347760282456875
0.010568360798060894
0.010823909193277359
0.011119412258267403
0.011373869143426418
0.011547639966011047
0.011609628796577454
0.01152544654905796
0.01134165097028017
0.0111397048458457
0.010932564735412598
0.010725180618464947
0.010495404712855816
0.010274943895637989
0.010135202668607235
0.010107268579304218
0.010166804306209087
0.010275465436279774
0.010333573445677757
0.010275674052536488
0.01013198308646679
0.00996903982013464
0.009867526590824127
0.009847551584243774
0.009924502111971378
0.010040750727057457
0.010128464549779892
0.010158216580748558
0.01013932004570961
0.010105783119797707
0.010106720961630344
0.010174875147640705
0.01027248241007328
0.010338544845581055
0.010368086397647858
0.010377837345004082
0.010339038446545601
0.010271880775690079
0.010160945355892181
0.01001798640936613
0.009857289493083954
0.009688107296824455
0.009515227749943733
0.00935485027730465
0.00925343669950962
0.009221663698554039
0.009313218295574188
0.009411267936229706
0.009711340069770813
0.00979070644825697
0.009858272969722748
0.010141811333596706
0.010178085416555405
0.010236254893243313
0.010310939513146877
0.010371790267527103
0.01036350429058075
0.010277511551976204
0.01017445046454668
0.010081241838634014
0.009952270425856113
0.009788207709789276
0.009609496220946312
0.009389305487275124
0.00913054309785366
0.008910740725696087
0.008757763542234898
0.008704219944775105
0.008664428256452084
0.008622636087238789
0.008574648760259151
0.008563418872654438
0.008597972802817822
0.00863714050501585
0.00863831676542759
0.008642884902656078
0.008709980174899101
0.008843222633004189
0.009049023501574993
0.009222030639648438
0.00941086933016777
0.00954998005181551
0.009623745456337929
0.009650731459259987
0.009624720551073551
0.009569534100592136
0.009518877603113651
0.009511210955679417
0.00956628005951643
0.009761991910636425
0.009986985474824905
0.010057514533400536
0.010061650536954403
0.010056672617793083
0.010087264701724052
0.010061144828796387
0.010030258446931839
0.010064235888421535
0.010169395245611668
0.010293930768966675
0.010430515743792057
0.010564376600086689
0.010684942826628685
0.010799015872180462
0.010870865546166897
0.010827518999576569
0.010865289717912674
0.011090295389294624
0.011399011127650738
0.011778417974710464
0.011910876259207726
0.012065318413078785
0.012002595700323582
0.011887963861227036
0.011837195605039597
0.011846991255879402
0.011796679347753525
0.01151497196406126
0.011185889132320881
0.011058144271373749
0.011249454692006111
0.011599313467741013
0.011981014162302017
0.012283386662602425
0.0124544408172369
0.012575177475810051
0.01259125117212534
0.012510277330875397
0.012329584918916225
0.012046704068779945
0.011655454523861408
0.011220007203519344
0.010791604407131672
0.010486775077879429
0.010353033430874348
0.010424033738672733
0.010652064345777035
0.010885012336075306
0.011128295212984085
0.011288072913885117
0.011383384466171265
0.011455509811639786
0.011455511674284935
0.011339269578456879
0.011209750548005104
0.011203277856111526
0.011274476535618305
0.01132661197334528
0.01132048200815916
0.011380443349480629
0.01158726867288351
0.01195906475186348
0.012302306480705738
0.01257980428636074
0.012453346513211727
0.012115160934627056
0.011785916052758694
0.011499990709125996
0.01133710891008377
0.011317004449665546
0.01141783781349659
0.011704076081514359
0.012079366482794285
0.012342395260930061
0.012335735373198986
0.012068898417055607
0.011699173599481583
0.011346492916345596
0.011199293658137321
0.011295458301901817
0.011473188176751137
0.011618943884968758
0.011803797446191311
0.012059296481311321
0.012372585013508797
0.012782078236341476
0.013174373656511307
0.013322367332875729
0.013103931210935116
0.012562314979732037
0.012019089423120022
0.011757192201912403
0.011827065609395504
0.01211126521229744
0.012506994418799877
0.013134388253092766
0.013638494536280632
0.01413026824593544
0.014479384757578373
0.014684738591313362
0.014675162732601166
0.014389263466000557
0.014071262441575527
0.01424782071262598
0.01624363102018833
0.023078685626387596
0.03389438986778259
0.033391520380973816
0.027466408908367157
0.03164250776171684
0.029270123690366745
0.024706989526748657
0.02118660882115364
0.01910100132226944
0.018316145986318588
0.017095686867833138
0.01598694548010826
0.015250558964908123
0.01484699733555317
0.014910605736076832
0.015630897134542465
0.017125824466347694
0.017372308298945427
0.016888152807950974
0.016416804865002632
0.016004987061023712
0.015645915642380714
0.015474907122552395
0.015534739010035992
0.015852758660912514
0.0162283293902874
0.016228606924414635
0.015684382990002632
0.0150184016674757
0.014706553891301155
0.014481923542916775
0.014287709258496761
0.014155855402350426
0.014120015315711498
0.014116834849119186
0.01408358383923769
0.014000609517097473
0.013913918286561966
0.013781098648905754
0.01366211473941803
0.013558990322053432
0.013425316661596298
0.01323926355689764
0.012954036705195904
0.012636831030249596
0.012395075522363186
0.012153987772762775
0.011886362917721272
0.011738067492842674
0.011707553640007973
0.011784070171415806
0.011997470632195473
0.012229416519403458
0.012336467392742634
0.012323228642344475
0.0122987050563097
0.012331853620707989
0.012395815923810005
0.01244513038545847
0.012459715828299522
0.01243605837225914
0.012430011294782162
0.01248262170702219
0.012493341229856014
0.012480542063713074
0.012445701286196709
0.012404571287333965
0.0122891990467906
0.012173674069344997
0.012131879106163979
0.012044054456055164
0.011915192939341068
0.011814506724476814
0.011790696531534195
0.011841938830912113
0.011968688108026981
0.01205664873123169
0.012181008234620094
0.01248007733374834
0.01287363562732935
0.013206052593886852
0.013448146171867847
0.013523654080927372
0.013459810055792332
0.013392445631325245
0.013257424347102642
0.013071388006210327
0.01290159858763218
0.012706590816378593
0.01238558441400528
0.012043998576700687
0.011932509019970894
0.012160803191363811
0.012580170296132565
0.012759629637002945
0.012514937669038773
0.011985267512500286
0.012166372500360012
0.012562748976051807
0.012455360032618046
0.011965686455368996
0.01150819193571806
0.01133828517049551
0.011418275535106659
0.011583525687456131
0.011792119592428207
0.011966423131525517
0.012119092978537083
0.012202465906739235
0.012163790874183178
0.012063488364219666
0.011918647214770317
0.011776173487305641
0.011669197119772434
0.01160999946296215
0.0115955900400877
0.011608988977968693
0.011743132956326008
0.011943688616156578
0.01218670979142189
0.012376019731163979
0.012438843958079815
0.012360810302197933
0.012179062701761723
0.011964530684053898
0.011741206049919128
0.01150024589151144
0.011347297579050064
0.011155776679515839
0.010974097065627575
0.010798127390444279
0.010599224828183651
0.010408477857708931
0.0102396160364151
0.010114560835063457
0.010061600245535374
0.010026822797954082
0.010001875460147858
0.009975346736609936
0.009962484240531921
0.009960714727640152
0.00995037704706192
0.009926004335284233
0.009908506646752357
0.009907688945531845
0.009917549788951874
0.009927051141858101
0.009931071661412716
0.009957810863852501
0.010028421878814697
0.010136310011148453
0.010277663357555866
0.010418960824608803
0.010543516837060452
0.01063828356564045
0.010708246380090714
0.010777450166642666
0.010861305519938469
0.010921413078904152
0.01094934530556202
0.010892488062381744
0.010805312544107437
0.01066670659929514
0.010523214936256409
0.010402826592326164
0.01029373612254858
0.010221659205853939
0.010145884938538074
0.010044446215033531
0.009862396866083145
0.009644160978496075
0.009478852152824402
0.009374678134918213
0.009371355175971985
0.0094298729673028
0.009539260528981686
0.009624643251299858
0.009670421481132507
0.009848452173173428
0.009921394288539886
0.010036053135991096
0.010211818851530552
0.010477511212229729
0.010845574550330639
0.011203055270016193
0.011530036106705666
0.01185031421482563
0.01204796601086855
0.012027177959680557
0.011839767917990685
0.01143814716488123
0.01097747590392828
0.010570346377789974
0.01032201200723648
0.010221155360341072
0.010232564061880112
0.010286473669111729
0.010275224223732948
0.010128680616617203
0.009901606477797031
0.009692151099443436
0.009576810523867607
0.009572958573698997
0.00960614625364542
0.00958175677806139
0.009473386220633984
0.00934359896928072
0.009223745204508305
0.009160175919532776
0.009174127131700516
0.009215354919433594
0.009260241873562336
0.009304446168243885
0.00934520922601223
0.00937870517373085
0.009286945685744286
0.009203637950122356
0.009183596819639206
0.009237243793904781
0.009336850605905056
0.009454996325075626
0.009576280601322651
0.009659306146204472
0.00965852104127407
0.009581133723258972
0.009527093730866909
0.00953989289700985
0.009541652165353298
0.009578428231179714
0.009682836942374706
0.009784971363842487
0.009808985516428947
0.009706998243927956
0.009571713395416737
0.009527510032057762
0.009561236016452312
0.009547055698931217
0.009517958387732506
0.009491360746324062
0.009437712840735912
0.009372484870254993
0.00934118777513504
0.009394592605531216
0.009585263207554817
0.009907208383083344
0.010234640911221504
0.01041015237569809
0.010462327860295773
0.010410111397504807
0.010310716927051544
0.010210717096924782
0.01026212889701128
0.010507043451070786
0.010673227719962597
0.010526834055781364
0.010330932214856148
0.010184118524193764
0.01019388809800148
0.01031194906681776
0.010458759032189846
0.010540776886045933
0.01072935201227665
0.010878406465053558
0.010962707921862602
0.011012217029929161
0.011049079708755016
0.011145582422614098
0.011321552097797394
0.011545431800186634
0.011675182729959488
0.011702412739396095
0.011659507639706135
0.011621939018368721
0.011593281291425228
0.011455651372671127
0.011306880973279476
0.011102478951215744
0.010843741707503796
0.010555136017501354
0.010271523147821426
0.010048736818134785
0.01001992728561163
0.010111442767083645
0.010121751576662064
0.009918779134750366
0.009714175015687943
0.009681666269898415
0.009799106046557426
0.009995670057833195
0.010162841528654099
0.010198313742876053
0.010567818768322468
0.010411952622234821
0.01019983645528555
0.010086863301694393
0.010026903823018074
0.010001090355217457
0.010013851337134838
0.010076817125082016
0.01008577924221754
0.00997375138103962
0.009909447282552719
0.009848874062299728
0.009683012031018734
0.00944601371884346
0.009205630049109459
0.00900642853230238
0.008978760801255703
0.009355039335787296
0.01030215434730053
0.011017909273505211
0.01086666714400053
0.010289950296282768
0.009995843283832073
0.010017418302595615
0.01023179292678833
0.010424626059830189
0.010477871634066105
0.010462756268680096
0.010360944084823132
0.01018768735229969
0.00992629211395979
0.00967912282794714
0.009577279910445213
0.009478187188506126
0.0094729820266366
0.009623551741242409
0.009780763648450375
0.009888987988233566
0.009952274151146412
0.009961542673408985
0.009982876479625702
0.010073612444102764
0.010161547921597958
0.010095398873090744
0.009969649836421013
0.010053484700620174
0.010383336804807186
0.010757994838058949
0.011117602698504925
0.011372212320566177
0.011500357650220394
0.011675846762955189
0.012040512636303902
0.012708478607237339
0.013999716378748417
0.016222836449742317
0.018487151712179184
0.022136321291327477
0.02930271439254284
0.03678899258375168
0.09060408920049667
0.10492928326129913
0.15083329379558563
0.4611729383468628
0.41684460639953613
0.22218407690525055
0.5234372615814209
0.22895723581314087
0.9425715804100037
6.98370885848999
1.6307346820831299
0.8248448967933655
0.6408994197845459
0.5027124881744385
0.5434272289276123
1.069034457206726
2.5998480319976807
3.362562417984009
4.536558151245117
2.8944830894470215
1.420974612236023
1.8686962127685547
4.943960189819336
14.16668701171875
26.166852951049805
17.82371711730957
7.142998218536377
3.538616895675659
1.8358904123306274
0.9917393326759338
0.5656185150146484
0.34882956743240356
0.23615005612373352
0.17495031654834747
0.1417142003774643
0.12679974734783173
0.1273013949394226
0.14353829622268677
0.1752726435661316
0.22531338036060333
0.2830182611942291
0.3148280680179596
0.35070744156837463
0.28415459394454956
0.13153870403766632
0.08966797590255737
0.07190946489572525
0.05887511745095253
0.04831574484705925
0.03971581533551216
0.03363042697310448
0.029205454513430595
0.02588341385126114
0.02332303859293461
0.021306995302438736
0.019689232110977173
0.018387382850050926
0.017362195998430252
0.01656937785446644
0.01596890017390251
0.015540990978479385
0.015277373604476452
0.015145054087042809
0.015105344355106354
0.015120510011911392
0.015169397927820683
0.015263636596500874
0.015398158691823483
0.015589209273457527
0.015854796394705772
0.016249803826212883
0.016749022528529167
0.017385361716151237
0.018347278237342834
0.01970181241631508
0.021590938791632652
0.023917457088828087
0.026878567412495613
0.030755147337913513
0.03624437749385834
0.04410586133599281
0.055310655385255814
0.0723237693309784
0.10064513981342316
0.1502779722213745
0.2376076579093933
0.3927546441555023
0.6746703386306763
1.1900629997253418
2.096569538116455
3.5694944858551025
5.7487053871154785
9.310698509216309
4.9204277992248535
1.6215494871139526
0.7438757419586182
0.43963223695755005
0.2928597331047058
0.21119213104248047
0.16304980218410492
0.1345587819814682
0.11855364590883255
0.11178538203239441
0.11184103041887283
0.11729928106069565
0.12510190904140472
0.12725329399108887
0.11374910920858383
0.08977629244327545
0.06762588024139404
0.05055738985538483
0.03821210563182831
0.02996235154569149
0.02467118576169014
0.021119719371199608
0.01844100095331669
0.01662992686033249
0.01551545225083828
0.014785224571824074
0.014257491566240788
0.0138704190030694
0.013596264645457268
0.013378915376961231
0.013240214437246323
0.013116227462887764
0.013010296039283276
0.0129247410222888
0.012856274843215942
0.012785768136382103
0.012720480561256409
0.012671626172959805
0.012654460035264492
0.012668633833527565
0.012714308686554432
0.012753883376717567
0.012804695405066013
0.01286363322287798
0.012917514890432358
0.012971100397408009
0.013027842156589031
0.013093480840325356
0.013148464262485504
0.013215385377407074
0.013280089944601059
0.013348553329706192
0.013411675579845905
0.013471891172230244
0.013537606224417686
0.013609563931822777
0.013698052614927292
0.013803638517856598
0.013923771679401398
0.014050137251615524
0.014184195548295975
0.014292031526565552
0.01434265822172165
0.014329124242067337
0.014248392544686794
0.014119970612227917
0.013949640095233917
0.013770457357168198
0.013597588986158371
0.013453502207994461
0.013344183564186096
0.01326770056039095
0.01322396844625473
0.013207359239459038
0.01322307251393795
0.013276522047817707
0.013359485194087029
0.013471950776875019
0.013597368262708187
0.013746391050517559
0.013920009136199951
0.014140499755740166
0.014365505427122116
0.014590712264180183
0.014788409695029259
0.014947259798645973
0.0150741683319211
0.015163568779826164
0.015162019990384579
0.01522383838891983
0.015183860436081886
0.015172946266829967
0.015243715606629848
0.015439457260072231
0.015596127137541771
0.015781695023179054
0.01601281389594078
0.0162664782255888
0.016600079834461212
0.016951126977801323
0.017333511263132095
0.01768696866929531
0.01796083152294159
0.018175920471549034
0.018344851210713387
0.018461715430021286
0.018505267798900604
0.018478892743587494
0.01840229518711567
0.01832466386258602
0.018288448452949524
0.018313469365239143
0.01838858239352703
0.018498433753848076
0.018677955493330956
0.01900763437151909
0.019438399001955986
0.01992504484951496
0.0204737838357687
0.021083420142531395
0.021789388731122017
0.022640999406576157
0.023701900616288185
0.025026842951774597
0.026691697537899017
0.028712881729006767
0.03119286708533764
0.034248530864715576
0.03786000981926918
0.04210488870739937
0.047086380422115326
0.053263720124959946
0.06067591533064842
0.06963009387254715
0.0805998146533966
0.09345971047878265
0.10885650664567947
0.12810930609703064
0.15047751367092133
0.17581549286842346
0.19717207551002502
0.2029324322938919
0.1962607353925705
0.20733921229839325
0.25055477023124695
0.3446752727031708
0.5486969351768494
1.0170958042144775
1.9875774383544922
3.2069127559661865
3.638942003250122
2.1325843334198
1.728287935256958
2.139228105545044
1.8756474256515503
1.3540852069854736
0.9197759628295898
0.8714147210121155
1.7516041994094849
3.6342411041259766
5.682235240936279
7.253848075866699
7.959183216094971
5.8068108558654785
3.601222038269043
4.6365766525268555
4.366797924041748
3.291337728500366
1.797902226448059
0.8046622276306152
0.2922441363334656
0.07739315181970596
0.022533884271979332
0.016779236495494843
0.016348926350474358
0.016432849690318108
0.016404584050178528
0.016239602118730545
0.01605757139623165
0.015708599239587784
0.015069160610437393
0.014264501631259918
0.01356868539005518
0.013091477565467358
0.012807572260499
0.012687456794083118
0.01268043927848339
0.012798485346138477
0.01299506425857544
0.013166255317628384
0.013229257427155972
0.013192401267588139
0.013054288923740387
0.01283169910311699
0.012598847970366478
0.012445609085261822
0.012431513518095016
0.012572462670505047
0.012717876583337784
0.012808662839233875
0.012863350100815296
0.012934521771967411
0.012994280084967613
0.013073239475488663
0.013184196315705776
0.013333282433450222
0.01347922720015049
0.013585045002400875
0.013642927631735802
0.01365117821842432
0.013621163554489613
0.013566837646067142
0.013508313335478306
0.013467447832226753
0.013440029695630074
0.01343057956546545
0.013439529575407505
0.013472127728164196
0.013518561609089375
0.01355334185063839
0.01354542188346386
0.01350266020745039
0.013414493761956692
0.013332613743841648
0.013283658772706985
0.0132764782756567
0.013318202458322048
0.0134012121707201
0.013481504283845425
0.013536760583519936
0.013574928976595402
0.013618734665215015
0.013690577819943428
0.013773422688245773
0.013855386525392532
0.013906205072999
0.01391773670911789
0.013891774229705334
0.013844700530171394
0.013779586181044579
0.013704389333724976
0.013648135587573051
0.013605300337076187
0.013568026944994926
0.01353755034506321
0.013520809821784496
0.013540116138756275
0.0136055126786232
0.013671230524778366
0.013705164194107056
0.013734972104430199
0.013761193491518497
0.013778270222246647
0.013789951801300049
0.013837914913892746
0.013863404281437397
0.013895506039261818
0.013958814553916454
0.014026996679604053
0.014050244353711605
0.014091689139604568
0.014146740548312664
0.014178824611008167
0.014204606413841248
0.014216497540473938
0.014211977832019329
0.014189149253070354
0.01416028756648302
0.014111424796283245
0.014052262529730797
0.01399332657456398
0.013927092775702477
0.01388375461101532
0.013851718045771122
0.013830509036779404
0.013774026185274124
0.01368482131510973
0.013598775491118431
0.01351555623114109
0.013459489680826664
0.013444834388792515
0.0134369395673275
0.013466080650687218
0.013522236607968807
0.013609275221824646
0.013699631206691265
0.013718304224312305
0.013704019598662853
0.013685531914234161
0.013635900802910328
0.013595758005976677
0.013514879159629345
0.013483742251992226
0.013392508029937744
0.01337032113224268
0.013380330987274647
0.013429608196020126
0.013562973588705063
0.013543481938540936
0.01354441698640585
0.013394538313150406
0.0133651839569211
0.013329061679542065
0.013364359736442566
0.013324238359928131
0.013238866813480854
0.013138752430677414
0.013077277690172195
0.01314595714211464
0.01314798928797245
0.013235083781182766
0.01310757640749216
0.013178235851228237
0.012972281314432621
0.013075770810246468
0.0129794180393219
0.012929138727486134
0.013013460673391819
0.012793222442269325
0.012817643582820892
0.012927369214594364
0.012837507762014866
0.012910432182252407
0.01281540747731924
0.012762866914272308
0.01286777202039957
0.012746511958539486
0.012751512229442596
0.012668226845562458
0.012562358751893044
0.01264017354696989
0.012514223344624043
0.012556669302284718
0.012527504935860634
0.012472660280764103
0.012517912313342094
0.012428736314177513
0.012522183358669281
0.01242271438241005
0.012455599382519722
0.012356715276837349
0.01236802525818348
0.012336311861872673
0.012298270128667355
0.012277653440833092
0.012203625403344631
0.012279088608920574
0.012174751609563828
0.0124493557959795
0.012163136154413223
0.012506406754255295
0.012045394629240036
0.01201304979622364
0.01237130630761385
0.011972426436841488
0.011984377168118954
0.01225642766803503
0.011966947466135025
0.012005315162241459
0.01206839270889759
0.011909044347703457
0.012021941132843494
0.011904453858733177
0.011836480349302292
0.01199472788721323
0.011778653599321842
0.011780318804085255
0.01184797752648592
0.011713907122612
0.011794399470090866
0.011713702231645584
0.011671507731080055
0.011765512637794018
0.011617599986493587
0.011704209260642529
0.011608963832259178
0.011585005559027195
0.011633173562586308
0.011518232524394989
0.01162592601031065
0.011466601863503456
0.011538431979715824
0.011425820179283619
0.01144260074943304
0.01144483219832182
0.011365365236997604
0.011461080983281136
0.01133902370929718
0.011477452702820301
0.01133534125983715
0.01137846615165472
0.011276951991021633
0.011254382319748402
0.011257056146860123
0.011205002665519714
0.011242744512856007
0.0111270472407341
0.011234481818974018
0.011077091097831726
0.011243308894336224
0.011011065915226936
0.01120110135525465
0.010945877060294151
0.01101312879472971
0.011004187166690826
0.010904932394623756
0.011115253902971745
0.010900802910327911
0.011023024097084999
0.010838708840310574
0.01079148706048727
0.010925565846264362
0.01074927393347025
0.010891157202422619
0.010710201226174831
0.010694632306694984
0.01076477114111185
0.010633229278028011
0.010765553452074528
0.010608353652060032
0.010685556568205357
0.010673733428120613
0.01060465443879366
0.010721145197749138
0.010573619045317173
0.010740095749497414
0.010539049282670021
0.010671086609363556
0.010457226075232029
0.010544398799538612
0.010459552519023418
0.010485990904271603
0.010502543300390244
0.010470793582499027
0.010599604807794094
0.010479521937668324
0.0107270497828722
0.01052163727581501
0.01083181332796812
0.01050921343266964
0.010677109472453594
0.01047202292829752
0.010436821728944778
0.010606587864458561
0.010407280176877975
0.010686720721423626
0.010346099734306335
0.010489697568118572
0.010286790318787098
0.010303392075002193
0.010461277328431606
0.010363361798226833
0.010653316043317318
0.010403774678707123
0.010609997436404228
0.01039323303848505
0.010438120923936367
0.010474939830601215
0.010374093428254128
0.010609899647533894
0.010402546264231205
0.01065877452492714
0.010358884930610657
0.010556638240814209
0.010301192291080952
0.010409521870315075
0.010372263379395008
0.010388554073870182
0.010610826313495636
0.010560539551079273
0.010844270698726177
0.010684412904083729
0.011017111130058765
0.010723107494413853
0.010966016910970211
0.010645769536495209
0.010675043798983097
0.010715432465076447
0.010554468259215355
0.010799401439726353
0.010450880043208599
0.010605250485241413
0.010338162072002888
0.010381516069173813
0.010379647836089134
0.010247429832816124
0.010495751164853573
0.010250914841890335
0.010566468350589275
0.01022740826010704
0.010479103773832321
0.010185069404542446
0.010284063406288624
0.010300328023731709
0.010211490094661713
0.010473862290382385
0.010229063220322132
0.010652434080839157
0.010254030115902424
0.010720642283558846
0.01017206534743309
0.010525684803724289
0.010207126848399639
0.01025710254907608
0.01043581124395132
0.010195176117122173
0.010616214945912361
0.010233493521809578
0.01051151193678379
0.010224618948996067
0.01057577133178711
0.010569102130830288
0.01043146662414074
0.010728836990892887
0.010416953824460506
0.010710570961236954
0.010321376845240593
0.010605142451822758
0.01032402366399765
0.010478437878191471
0.010311979800462723
0.010364704765379429
0.010394152253866196
0.010310775600373745
0.01040762010961771
0.01022377796471119
0.01060281228274107
0.010246354155242443
0.010919948108494282
0.010293696075677872
0.01084130723029375
0.01014028675854206
0.010166080668568611
0.010586446151137352
0.0100967762991786
0.010510631836950779
0.010256779380142689
0.010141157545149326
0.010609443299472332
0.010189362801611423
0.010507994331419468
0.010256117209792137
0.010195177979767323
0.010517111048102379
0.010159858502447605
0.010486365295946598
0.010133905336260796
0.01014060527086258
0.010296354070305824
0.01010100170969963
0.010423826985061169
0.01007226761430502
0.010215855203568935
0.01014633383601904
0.01009933091700077
0.01026588212698698
0.010015315376222134
0.010384183377027512
0.010085567831993103
0.010430462658405304
0.010046643204987049
0.010245530866086483
0.010073025710880756
0.010089357383549213
0.010184621438384056
0.00998905673623085
0.010308129712939262
0.010036822408437729
0.010336347855627537
0.010028012096881866
0.010218841955065727
0.010058367624878883
0.010124308057129383
0.010126359760761261
0.010071520693600178
0.010229174047708511
0.010049722157418728
0.010403661988675594
0.010062784887850285
0.010531660169363022
0.01002742350101471
0.010400942526757717
0.009962834417819977
